time,x,y,z,phi,theta,psi,x_velocity,y_velocity,z_velocity,phi_velocity,theta_velocity,psi_velocity,rotor_speed1,rotor_speed2,rotor_speed3,rotor_speed4
0.06,7.74602047924e-09,8.7379626378e-07,10.0032464625,0.000653063073622,6.28317512777,0.0,7.81344532156e-07,6.89703366765e-05,0.108210537143,0.0267087341044,-0.00051117877474,0.0,438.8878585139137,438.8454415033529,439.0207382980707,441.23079995234946
0.12000000000000001,-5.84033068762e-08,2.50204008125e-05,10.0129031525,0.00248271222856,0.000344112839437,0.0,-2.20629685954e-05,0.000913286935361,0.213664332624,0.037154473015,0.0163642998898,0.0,437.46639861651545,438.86901229319847,438.69414500109826,439.5608069835377
0.18,-1.43934489621e-05,0.000152392278646,10.0329470718,0.00509652240678,0.00122731641308,0.0,-0.00057057586862,0.00363265886775,0.454400141658,0.0540106254165,0.01121033131,0.0,479.30407215179827,478.91215898162494,479.36401639834907,480.64386608388554
0.23999999999999996,-8.0660159995e-05,0.000503711895337,10.0655814533,0.00956166662312,0.00252030681372,0.0,-0.00175613557828,0.00853445579164,0.63332689653,0.0986298634294,0.0367793527607,0.0,461.03031847884466,463.04584991593833,459.21579535098505,462.74463220591275
0.3,-0.000251354886084,0.00125437637464,10.1081503928,0.0165219140873,0.00493473128526,0.0,-0.00418783267902,0.0172074008927,0.785535684863,0.137886590029,0.0463909731503,0.0,453.057710803349,453.8305262720355,452.20313796127533,455.3648662374003
0.36000000000000004,-0.000628904455947,0.00270567516765,10.1608025465,0.0250984978089,0.00763117066849,0.0,-0.00871014474821,0.0321323919679,0.969377289751,0.151500782946,0.0418706653726,0.0,464.5282688826201,464.1747812088366,461.97270168823087,463.0628311674941
0.4200000000000001,-0.0013325745483,0.00523183490725,10.2236394812,0.0338118606233,0.0103207322311,0.0,-0.0150318420914,0.0530553721317,1.12501594731,0.128135673236,0.0501621593637,0.0,454.7609632655231,455.4256487872643,456.3679145086121,454.5181551527894
0.48000000000000015,-0.00245300706481,0.00912217009618,10.2935398841,0.0415044750132,0.0135317472644,0.0,-0.0226239314796,0.0773808554534,1.20488403581,0.128358801649,0.0594977614991,0.0,432.20527846248297,432.99324965444276,431.1978225770807,431.2322438862396
0.5400000000000001,-0.00416687722952,0.0148436927939,10.373271628,0.0496554278187,0.0169378623871,0.0,-0.0349342483306,0.114309385035,1.45250734744,0.147698826114,0.0506620430924,0.0,483.25571782395326,482.59122679580923,482.664234416173,484.13663961632517
0.6000000000000002,-0.00669537276755,0.0229655815982,10.4673735845,0.0581753550086,0.0206879707085,0.0,-0.0497645402931,0.15746294153,1.68384567278,0.127067564726,0.0793260545011,0.0,478.09662057978005,480.2777319193962,479.9180641290921,478.3666248545285
0.6600000000000003,-0.0100321018151,0.0333812794272,10.5669747522,0.0655918389872,0.0256192198897,0.0,-0.061850735273,0.190333422988,1.63621352658,0.115601173146,0.0873679479381,0.0,389.60116957891825,390.35878037195715,391.8029212351662,390.7515437043096
0.7200000000000003,-0.0142662767215,0.046115423209,10.6671142786,0.072615549397,0.0304729239523,0.0,-0.0797807180336,0.234805613148,1.70160965618,0.119831364422,0.0630185350007,0.0,429.5301014538181,427.4656409433643,429.409073730601,429.78053240873015
0.7800000000000004,-0.0195406006864,0.0613583852721,10.76714293,0.0800870738441,0.0339227425959,0.0,-0.0963149458959,0.273863572918,1.63272254556,0.132555594557,0.0431795180295,0.0,385.04809953498494,383.1695419535631,381.8628429565505,383.09133925553016
0.8400000000000004,-0.026051774923,0.0795201493716,10.8686229537,0.0880683724826,0.0372442927124,0.0,-0.121035647073,0.33234318751,1.74968198118,0.133936837031,0.0725315349385,0.0,445.33613332056836,447.73227984634605,445.01668874939656,445.1459826896864
0.9000000000000005,-0.0341576211099,0.101441386656,10.9780191222,0.0957721096924,0.041327838586,0.0,-0.149613539466,0.399198769368,1.89651355454,0.114022007568,0.0571470766443,0.0,456.49955736229094,455.2736769530438,456.20626154837504,454.6278667087851
0.9600000000000005,-0.0441443734328,0.127720914791,11.0980851795,0.10245265887,0.0448524317389,0.0,-0.183675260467,0.477541573904,2.10521068225,0.105363916093,0.0617570920625,0.0,473.7508550328062,474.1073337862549,476.3350300775042,475.6825580807167
1.0200000000000005,-0.0562881940714,0.158918628011,11.2312413241,0.108897658993,0.048893971957,0.0,-0.221571047365,0.563098300238,2.33276116547,0.111231872464,0.076697696512,0.0,481.23453937269727,482.36703119941296,480.931865385128,481.38523936756
1.0800000000000005,-0.0707330085615,0.195239886777,11.3765092304,0.115945529909,0.0535174900739,0.0,-0.260428957131,0.648336206433,2.50898635813,0.127668176516,0.0777704996552,0.0,467.8773542777696,467.9652477061321,466.411253496573,467.70460962647735
1.1400000000000006,-0.0874981389027,0.236584368807,11.5301679918,0.123372394618,0.0580532450121,0.0,-0.298870395934,0.730546023014,2.61258694248,0.114590432773,0.0708503541811,0.0,446.31105880855796,445.7503684261775,447.03107562149836,445.9779045193217
1.2000000000000006,-0.106684423791,0.283054838432,11.6903727668,0.129833484405,0.0624245398366,0.0,-0.34110808105,0.819118734332,2.72714798011,0.0879938745632,0.0765876082695,0.0,450.3020719133326,450.76996229577264,451.5907548734815,449.4499876470874
1.2600000000000007,-0.128482764622,0.33493276832,11.8571686826,0.135209955843,0.0669070887925,0.0,-0.385956145967,0.910637582199,2.83231138589,0.092652755446,0.07066187141,0.0,449.3053435418012,448.8289668683776,447.6932453842361,448.0787838597084
1.3200000000000007,-0.153217196912,0.392715342972,12.0324707952,0.140410024286,0.0714087314827,0.0,-0.4389937687,1.01597439063,3.01045889188,0.0706867634195,0.0825718189964,0.0,471.3062135361866,472.22983622903524,472.5041058651607,470.8132107920157
1.3800000000000008,-0.181053490132,0.456562284338,12.2158648418,0.144318687724,0.0765519943419,0.0,-0.489376944776,1.11260520067,3.10227485796,0.0507555506049,0.0913704453092,0.0,445.4699704997925,446.1948733334956,447.92007620160757,446.2992185108988
1.4400000000000008,-0.212313748034,0.526820458863,12.4084708142,0.147146676784,0.0822885545686,0.0,-0.553255972376,1.22955702605,3.31713891081,0.0386746822169,0.10296168136,0.0,483.80117250903805,484.68003687395253,485.5692820054789,484.66324439660417
1.5000000000000009,-0.247293283445,0.603704870289,12.6109131852,0.150279974476,0.0881906028428,0.0,-0.613333129373,1.33345656988,3.43043161961,0.0707399552167,0.0870873043687,0.0,455.5279569594566,454.2646853632409,455.24436584655746,457.80452669853906
1.560000000000001,-0.286039327355,0.686955354077,12.8205667147,0.154275621847,0.0930974424567,0.0,-0.67870797304,1.44189294254,3.55742416059,0.0566535304905,0.068203632673,0.0,461.42008100332976,459.93187680711145,461.97408782458587,460.8650612919153
1.620000000000001,-0.329087926739,0.777239205468,13.0407085762,0.157424453902,0.0981665232356,0.0,-0.756741121537,1.5677976201,3.77969381323,0.042458919344,0.105462729018,0.0,489.74826665905374,492.51651399018067,490.74462472219665,489.69129680810346
1.680000000000001,-0.376688631935,0.874725284043,13.2715374002,0.160656265758,0.105076178873,0.0,-0.830618018704,1.68192092616,3.91391083961,0.0702361919166,0.129662357087,0.0,465.58421344094614,467.4846853370001,465.27637231752067,467.4477996962751
1.740000000000001,-0.428753061388,0.978932807666,13.5092078477,0.164746534384,0.113907360076,0.0,-0.905680818456,1.7919616963,4.00782413898,0.0636857100246,0.169185760141,0.0,453.63910786817206,456.82059168739676,456.02826734502884,455.5080451622055
1.8000000000000012,-0.485135706693,1.08928132332,13.7492818762,0.168905475825,0.123683571353,0.0,-0.97460043951,1.88659975195,3.99442045688,0.0786934790835,0.145967569208,0.0,423.3142847750319,421.3377652542676,420.95048923113507,422.2511852626089
1.8600000000000012,-0.546086088677,1.20572727976,13.9905876323,0.174441322709,0.13320316856,0.0,-1.05792998041,1.99531379738,4.04856875925,0.110800047079,0.176334049968,0.0,443.75604497145605,446.26506660261407,443.2277494982129,445.865616928367
1.9200000000000013,-0.612527707847,1.32918107126,14.2372606319,0.181468322925,0.14386089765,0.0,-1.15784359129,2.12035691251,4.17293377397,0.127433801327,0.180096645895,0.0,466.55467006442757,466.8771326007844,468.7543518602838,470.0566294698901
1.9800000000000013,-0.685113251088,1.4601728261,14.4907665719,0.189365373261,0.155232985423,0.0,-1.26274822441,2.24664956543,4.27633937716,0.138884125926,0.203731229246,0.0,462.92496249420964,464.8138950818065,462.85237389057244,463.7677804355605
2.0400000000000014,-0.764083097125,1.59870726589,14.7494456494,0.197475462296,0.167389576934,0.0,-1.37071161495,2.37179069664,4.34544564619,0.126458796648,0.200271309571,0.0,454.4746263018965,454.2364676524492,455.804692805486,454.826791284069
2.1000000000000014,-0.849256771958,1.74429299513,15.0092301587,0.205764991302,0.179769891811,0.0,-1.46942700731,2.48162491133,4.31363043386,0.154829940338,0.21631063215,0.0,422.8196166542666,424.243168492498,422.0936059836379,424.5534429785243
2.1600000000000015,-0.941160449627,1.89725698975,15.2701869167,0.215101212826,0.192667278829,0.0,-1.59521574639,2.61786381395,4.38392380484,0.157106061221,0.21210586143,0.0,458.18529444460125,457.8949553175315,458.14730933894987,458.35036086738785
2.2200000000000015,-1.04084475893,2.0585298177,15.5351350864,0.224969874164,0.205645158713,0.0,-1.72875274519,2.75859364173,4.44664050839,0.176173790562,0.223572557484,0.0,458.00695753425225,458.96261999908893,456.59775798911005,458.14126598108015
2.2800000000000016,-1.14917363385,2.2288132247,15.8054523237,0.23536889662,0.219023743066,0.0,-1.88345806866,2.91828444395,4.56249484007,0.166895025211,0.221758981207,0.0,477.2174388507518,477.124516161177,477.0460621556453,476.3635140232339
2.3400000000000016,-1.26740262288,2.40921017122,16.0840168089,0.245511042932,0.231964261678,0.0,-2.05874596659,3.0956388838,4.72122718583,0.173000861987,0.199350534117,0.0,494.4041556163024,492.79056300234316,492.1699888090183,492.64602652329637
2.4000000000000017,-1.3950795688,2.5990471695,16.3664374868,0.255780687613,0.24359124688,0.0,-2.19810334822,3.23291508517,4.69204873923,0.167206235205,0.179329584908,0.0,436.733832095431,435.0974971848367,437.6625413770057,437.2085029389042
2.4600000000000017,-1.5314615258,2.79741123136,16.6475695602,0.265396141359,0.254217358502,0.0,-2.34881711282,3.3798183286,4.67816846261,0.14039216333,0.172233862123,0.0,443.55476726942413,443.0018398874246,444.9628833362385,442.78579956635286
2.520000000000002,-1.67653151636,3.00416983293,16.9257646816,0.273705831335,0.264817641279,0.0,-2.48766529376,3.51259503368,4.59455939397,0.134406135527,0.184317651418,0.0,420.69215648896744,421.7691740660392,421.5755247722681,421.0767879841519
2.580000000000002,-1.83244908057,3.22131893193,17.2071179539,0.282069471694,0.275576174927,0.0,-2.71048337169,3.72602730689,4.78175936769,0.147852793633,0.16673158548,0.0,510.7039232591938,509.47412740815105,509.8609844816372,510.836079771591
2.640000000000002,-2.00159804507,3.45103986349,17.4982348669,0.29058134801,0.28557132724,0.0,-2.92855962731,3.93168434232,4.9201969187,0.125882732986,0.166293248819,0.0,499.98990054421967,499.98110145461766,500.5856181468272,499.00007017651365
2.700000000000002,-2.18327773739,3.69247343435,17.7949925855,0.298173283227,0.295475409294,0.0,-3.1281542657,4.11633308289,4.970302051,0.1277993663,0.162501251183,0.0,477.4353532119805,477.1698322660242,475.15902958438,475.3194176740166
2.760000000000002,-2.37598729491,3.94398211497,18.0910695839,0.306056732468,0.304889428822,0.0,-3.2962137322,4.26760087842,4.89824378115,0.137742678482,0.142322852228,0.0,439.2283444767436,437.57464897524693,438.0023296047749,438.8447287176473
2.820000000000002,-2.57958312758,4.20526789876,18.3846851469,0.314370309245,0.312935268438,0.0,-3.49088621584,4.44221033237,4.88780884284,0.140143620126,0.107656198339,0.0,462.54240492928864,459.818674137354,461.1443258000258,461.3510144292309
2.880000000000002,-2.79477877952,4.47691349708,18.6769135392,0.323030222753,0.319268620584,0.0,-3.68271808261,4.6129566413,4.85217254201,0.15160471202,0.100988481084,0.0,454.64426701984206,454.11904958721243,455.5372965712609,456.47184914233225
2.940000000000002,-3.021152509,4.75847223104,18.9656265365,0.3320294263,0.325097355028,0.0,-3.86349408144,4.77269833725,4.77088205531,0.1465413028,0.0880772018394,0.0,442.9341801194781,441.8788503546518,440.92249127970524,440.5252128371807
3.000000000000002,-3.25726737024,5.04853685694,19.2460032926,0.340911764897,0.330109436376,0.0,-4.00751885549,4.89655218726,4.57507056331,0.150874305236,0.0724112973605,0.0,401.0138139784407,399.5942316825664,400.6543778301677,401.07140060316533
3.0600000000000023,-3.50319391991,5.34716396851,19.5175702849,0.349781242147,0.33539136116,0.0,-4.19039366627,5.05800931925,4.47652360521,0.14090519199,0.108440343581,0.0,435.9619926690855,438.96894321088195,437.2196018030817,436.4088643309452
3.1200000000000023,-3.76016466418,5.65552560655,19.7830588905,0.358198432882,0.342775260038,0.0,-4.37580321864,5.22094338436,4.37239969701,0.139021024765,0.142579611145,0.0,435.2286405700422,438.09069476905336,436.92748172536443,436.7889897927545
3.1800000000000024,-4.028515965,5.97384672781,20.0425286346,0.366402214348,0.352489250649,0.0,-4.56987509608,5.38990330055,4.27571522701,0.131706682067,0.185296783206,0.0,439.5345234550462,443.0851189945945,441.55314081446215,440.9665624564859
3.2400000000000024,-4.30846949083,6.30215150406,20.2955578991,0.374090813285,0.363495424327,0.0,-4.76266357706,5.5536600778,4.15776555841,0.119854178666,0.179434793069,0.0,436.0596280633068,435.60282738421677,436.1582177551804,435.18220152713417
3.3000000000000025,-4.60044341971,6.64058021147,20.5420793641,0.381380709895,0.374000243266,0.0,-4.97049916793,5.72725847327,4.05862890795,0.124595972298,0.164536146221,0.0,445.01605915564926,443.82384599371994,444.7887022990523,445.1902789161121
3.3600000000000025,-4.90582976945,6.99017999561,20.7843483396,0.388859554249,0.383490143315,0.0,-5.2095923661,5.92591719083,4.01555642323,0.124749971699,0.14071438823,0.0,468.16945962412416,466.3337635061823,467.03605106972884,467.06135311711404
3.4200000000000026,-5.22543322952,7.35145109568,21.0232163397,0.396528413016,0.392624509505,0.0,-5.44434634281,6.11632022168,3.94542506668,0.133324366919,0.168727064314,0.0,459.7155393359694,461.950806645144,460.7662106831468,461.4579852881793
3.4800000000000026,-5.55991262274,7.72475697422,21.2591267692,0.405464315602,0.402838492333,0.0,-5.70544172438,6.32699478569,3.91645288415,0.169320160076,0.173082786704,0.0,478.0114464300382,478.368866703799,477.78183964028455,480.53725761370964
3.5400000000000027,-5.91023255744,8.11074268801,21.493099014,0.415290455571,0.413146720744,0.0,-5.97231811933,6.53903424269,3.8806767592,0.149366893883,0.169118685971,0.0,480.8068805346228,480.5322615670917,481.4413253230992,479.95188020580105
3.6000000000000028,-6.27382272192,8.50680951015,21.7186703498,0.424186664092,0.423213428796,0.0,-6.14810138643,6.66330923917,3.63812612128,0.145984059183,0.16495765327,0.0,406.7718147922104,406.4286727611602,407.57889838163925,407.29914654905883
3.660000000000003,-6.65026585937,8.91232023767,21.9339758488,0.432803510414,0.432885525431,0.0,-6.40045000396,6.85345932901,3.53726039025,0.138400990959,0.152383075946,0.0,463.5866021688768,462.6206301104247,463.320169286198,462.74171265581106
3.720000000000003,-7.04220347515,9.32942666143,22.1434593043,0.441595624258,0.442027342044,0.0,-6.6644890645,7.049753837,3.44394878772,0.159186704549,0.152324699977,0.0,469.1221146293373,469.1381207134163,468.88715796795503,470.5182115876654
3.780000000000003,-7.44992159207,9.7581282029,22.3467734509,0.451160984911,0.450787591341,0.0,-6.92644175523,7.24000947394,3.33164269427,0.159889881986,0.128750672266,0.0,467.7127009627292,465.8909221671182,465.9417401222503,466.01956666959586
3.840000000000003,-7.87241063531,10.1972800548,22.5411798154,0.460668503667,0.458291095958,0.0,-7.15694071736,7.39824090752,3.14764253735,0.155434687779,0.116413981185,0.0,442.7002513825971,441.6978212374629,443.50106382513053,443.1587253684723
3.900000000000003,-8.30859409024,10.6456980011,22.7239686287,0.470213528621,0.465392738899,0.0,-7.38293224864,7.54887796119,2.94453066814,0.165524580954,0.121991377352,0.0,436.892694445318,437.3704696836562,437.58974643262553,438.45350721711
3.960000000000003,-8.75996722016,11.104517373,22.8971378426,0.479706309811,0.472506621603,0.0,-7.66296676388,7.74467394136,2.82613594076,0.136682584269,0.110645963581,0.0,473.25834759926005,472.3956209985159,473.8308842412851,471.62910537695814
4.020000000000002,-9.22764331572,11.5745149204,23.0619750176,0.488706900223,0.47946354761,0.0,-7.92646098515,7.92147156671,2.66717604874,0.168305348008,0.124861515712,0.0,461.895448491082,463.0269270796417,458.8490262034928,461.3731176795297
4.080000000000001,-9.70780843074,12.0519950482,23.2113192479,0.498403786914,0.486802303585,0.0,-8.07990836284,7.99468666338,2.31135415711,0.142861456348,0.11665967912,0.0,380.3199811012158,379.54949160177085,382.4514834025235,380.0481680172244
4.14,-10.2005360755,12.5367634901,23.344649817,0.50693564785,0.493523754767,0.0,-8.34458985559,8.16374381749,2.13181210388,0.140837583737,0.100618460281,0.0,457.24236347842356,455.97277987933984,455.9597682669796,455.8162668666979
4.199999999999998,-10.7080656786,13.0305531356,23.4651489782,0.515749945678,0.499645176167,0.0,-8.57351218448,8.29559107571,1.88424258603,0.156881650377,0.104693541478,0.0,431.325769062584,431.6792802059105,430.4018516733165,431.77889155898293
4.259999999999997,-11.2303047897,13.5329880499,23.5720750866,0.525453002134,0.505433596836,0.0,-8.83469042171,8.45175285664,1.67887179859,0.169953797866,0.0700488236401,0.0,451.5226929629679,448.7251928457319,450.9560790797346,452.035461863234
4.319999999999996,-11.768084105,14.0445418394,23.6661945117,0.535983246907,0.510467229364,0.0,-9.09149997854,8.59962604049,1.45747421305,0.184762645161,0.102691027982,0.0,445.32462660751895,447.9931732664603,446.9494056417816,448.1843968422801
4.379999999999995,-12.3212414793,14.5648120963,23.7467093527,0.547845183961,0.516763637823,0.0,-9.3473015794,8.74227014001,1.22526985348,0.215608687407,0.109093208201,0.0,445.23424907309357,445.7675155256752,444.2748574430603,446.83489819305015
4.439999999999993,-12.8907214034,15.0944078034,23.8144601597,0.56043774681,0.52324284579,0.0,-9.63533235144,8.91029800841,1.0314533645,0.194841112456,0.105678804699,0.0,464.9549449309989,464.69694515970957,465.71539572994175,464.12836285527226
4.499999999999992,-13.4748992358,15.6315724176,23.866486849,0.571807336576,0.529709339504,0.0,-9.8378499331,8.99495358145,0.70251837314,0.175794332002,0.111664975895,0.0,409.7871704039742,410.33045944388476,410.4433854424467,408.7865955795362
4.559999999999991,-14.0752812071,16.1773968141,23.9043528235,0.582586713266,0.536390757653,0.0,-10.1745800537,9.19805370797,0.557537553016,0.186427358646,0.110734292502,0.0,490.53028777733914,490.47084984537867,490.00490236577883,490.8227695902375
4.6199999999999894,-14.6921226002,16.731767787,23.9279378212,0.593522974536,0.543397449509,0.0,-10.3873429286,9.28058242243,0.228280791547,0.172312524722,0.126725048046,0.0,415.1855926084347,416.59997094651015,417.4448338504062,416.24511232719317
4.679999999999988,-15.3236388453,17.2926668661,23.9341529153,0.603665201595,0.550826346325,0.0,-10.663330935,9.41515085239,-0.0223264722303,0.161527064544,0.117253525478,0.0,455.3038212179855,454.5585443609376,452.81068177689644,451.9685418355624
4.739999999999987,-15.9706105326,17.8604087449,23.9235816895,0.61398478442,0.558037166594,0.0,-10.902792924,9.50889399514,-0.330675747479,0.187345512351,0.125466492644,0.0,429.6325779733833,430.34220115095434,430.6337318654932,432.8419180082909
4.799999999999986,-16.6329698725,18.4345060415,23.8956048008,0.6256553509,0.565679754184,0.0,-11.1759471639,9.62675350215,-0.603073914652,0.205936759541,0.130942685509,0.0,450.39805316006573,450.8554725780606,448.1203231595283,449.66583999967037
4.859999999999984,-17.3130746957,19.0167217114,23.8527438892,0.637995798459,0.57333961571,0.0,-11.4939243156,9.77916884432,-0.827483476748,0.205144547157,0.120143290986,0.0,475.9713946170027,475.1574571414036,474.47183936295704,474.44961134465655
4.919999999999983,-18.0133936246,19.6089266943,23.797529088,0.650340402259,0.580280978601,0.0,-11.8494265137,9.95943016467,-1.01532884182,0.206912989231,0.104839214913,0.0,496.14118073377443,495.0261234334378,496.71467256456015,496.8810890207848
4.979999999999982,-18.7339129405,20.2107023047,23.7293696017,0.662800512786,0.586503397352,0.0,-12.1675292293,10.0984299601,-1.25837538838,0.209135774751,0.10134254486,0.0,479.56594033764566,479.3086340118831,477.74106015219525,477.949690414862
5.0399999999999805,-19.4720494714,20.8192530308,23.6446337609,0.675472285575,0.592243296001,0.0,-12.4370531863,10.1855852806,-1.56715540999,0.215021398743,0.080805247425,0.0,453.617574472359,451.97192440133557,453.6348766762673,454.1503660943749
